
Final results:

- Algorithm type: Standard
- Gene mutation probability: 0.02
- Tournament size: 5
- Elitism individuals: 2
- Population size: 10
- Average fitness: 47764965
- Indivduals:
  - Fitness: 46462841 [53, 140, 70, 231, 142, 91, 208, 188, 172, 26, 139, 20, 96, 27, 150, 210, 255, 125, 159, 84, 219, 5, 204, 89, 137, 247, 54, 238, 29, 211, 111, 75, 126, 30, 153, 115, 11, 104, 4, 197, 55, 128, 180, 79, 184, 56, 146, 193, 69, 144, 50, 114, 28, 245, 232, 117, 202, 106, 73, 230, 240, 121, 31, 174, 196, 145, 191, 82, 135, 35, 254, 15, 42, 98, 155, 32, 221, 123, 92, 24, 58, 112, 185, 100, 49, 134, 66, 235, 194, 154, 85, 120, 62, 109, 23, 158, 178, 45, 6, 138, 242, 241, 61, 8, 160, 19, 99, 248, 119, 14, 195, 86, 209, 147, 218, 132, 3, 161, 236, 182, 52, 166, 68, 103, 65, 116, 48, 152, 67, 169, 229, 57, 200, 76, 39, 203, 168, 12, 171, 21, 198, 149, 87, 243, 225, 251, 72, 118, 1, 222, 246, 25, 33, 181, 102, 175, 44, 93, 192, 130, 250, 64, 151, 51, 95, 205, 77, 131, 212, 60, 101, 0, 239, 80, 163, 224, 47, 186, 113, 9, 156, 17, 170, 7, 187, 228, 143, 83, 199, 129, 226, 22, 190, 107, 74, 38, 157, 148, 201, 223, 18, 108, 216, 249, 220, 40, 207, 233, 136, 37, 105, 206, 13, 173, 213, 2, 176, 179, 63, 237, 10, 124, 234, 59, 177, 253, 46, 167, 41, 127, 81, 164, 88, 141, 215, 36, 244, 34, 183, 133, 43, 162, 217, 16, 122, 252, 214, 90, 165, 227, 71, 97, 94, 110, 189, 78]
  - Fitness: 46569815 [145, 191, 82, 135, 35, 254, 15, 42, 98, 155, 32, 221, 123, 92, 24, 58, 112, 185, 100, 49, 134, 66, 235, 194, 154, 85, 120, 62, 109, 23, 158, 178, 45, 6, 138, 242, 241, 61, 8, 160, 19, 99, 248, 119, 14, 195, 71, 97, 94, 110, 189, 78, 86, 209, 147, 218, 132, 3, 180, 236, 182, 52, 166, 68, 103, 65, 116, 48, 152, 67, 169, 229, 28, 200, 76, 39, 203, 168, 12, 171, 21, 198, 149, 87, 243, 225, 251, 72, 118, 1, 222, 246, 25, 33, 181, 102, 175, 22, 190, 107, 74, 38, 157, 148, 201, 223, 18, 108, 216, 249, 220, 40, 207, 233, 136, 37, 105, 206, 13, 121, 213, 2, 176, 179, 63, 237, 10, 124, 234, 59, 177, 253, 46, 167, 41, 127, 81, 164, 88, 141, 215, 36, 244, 34, 183, 133, 43, 162, 217, 16, 122, 252, 214, 90, 165, 227, 44, 93, 192, 130, 250, 64, 151, 51, 95, 205, 77, 131, 212, 60, 101, 0, 239, 80, 163, 224, 47, 186, 113, 9, 156, 17, 170, 7, 187, 228, 143, 83, 199, 129, 226, 53, 140, 70, 231, 142, 91, 208, 188, 172, 26, 139, 20, 96, 27, 150, 210, 255, 125, 159, 84, 219, 5, 204, 89, 137, 247, 54, 238, 29, 211, 111, 75, 126, 30, 153, 115, 11, 104, 4, 197, 55, 128, 161, 79, 184, 56, 146, 193, 69, 144, 50, 114, 57, 245, 232, 117, 202, 106, 73, 230, 240, 173, 31, 174, 196]
  - Fitness: 48936799 [66, 235, 194, 154, 85, 120, 62, 109, 23, 158, 178, 45, 6, 138, 242, 89, 71, 246, 94, 110, 189, 174, 219, 5, 204, 137, 247, 54, 238, 211, 111, 75, 126, 30, 104, 144, 29, 153, 115, 11, 4, 197, 55, 128, 79, 117, 56, 146, 193, 69, 50, 114, 232, 202, 106, 73, 230, 240, 31, 78, 196, 145, 191, 82, 135, 35, 254, 15, 180, 28, 245, 41, 121, 253, 46, 167, 184, 127, 81, 164, 88, 141, 215, 36, 244, 34, 183, 133, 43, 162, 217, 16, 122, 252, 214, 90, 165, 227, 53, 140, 70, 241, 61, 8, 160, 19, 99, 248, 119, 14, 195, 86, 209, 147, 218, 132, 3, 161, 236, 182, 52, 166, 68, 103, 65, 116, 48, 152, 67, 169, 229, 57, 200, 76, 39, 203, 168, 12, 171, 21, 198, 149, 87, 243, 225, 251, 72, 118, 1, 222, 97, 25, 33, 181, 102, 175, 44, 93, 192, 130, 250, 64, 151, 51, 95, 205, 77, 131, 212, 60, 101, 0, 239, 80, 163, 224, 47, 186, 113, 9, 156, 17, 170, 7, 187, 228, 143, 83, 199, 129, 226, 22, 190, 107, 74, 38, 32, 148, 201, 223, 18, 108, 216, 249, 220, 40, 207, 233, 136, 37, 105, 206, 13, 173, 213, 2, 176, 179, 63, 237, 10, 124, 234, 59, 177, 231, 142, 91, 208, 188, 172, 26, 139, 20, 96, 27, 150, 210, 255, 125, 159, 84, 42, 98, 155, 157, 221, 123, 134, 24, 58, 112, 185, 100, 49, 92]
  - Fitness: 48112479 [71, 97, 94, 110, 189, 78, 219, 5, 204, 89, 137, 247, 54, 238, 29, 211, 111, 75, 126, 30, 153, 115, 11, 104, 4, 197, 55, 251, 180, 79, 184, 56, 146, 193, 69, 144, 50, 114, 28, 245, 232, 117, 14, 106, 73, 230, 240, 31, 174, 196, 145, 191, 82, 135, 35, 254, 15, 66, 235, 194, 154, 85, 120, 62, 109, 23, 158, 178, 45, 6, 138, 242, 241, 61, 8, 160, 19, 99, 248, 119, 202, 195, 86, 209, 147, 213, 132, 250, 161, 236, 182, 52, 166, 68, 103, 65, 116, 48, 152, 67, 169, 38, 157, 148, 201, 223, 18, 108, 216, 249, 220, 40, 200, 233, 136, 37, 105, 206, 13, 121, 218, 2, 176, 179, 63, 237, 10, 124, 234, 59, 177, 253, 46, 167, 41, 127, 81, 164, 159, 141, 215, 36, 244, 34, 183, 133, 43, 162, 217, 16, 122, 252, 214, 90, 165, 227, 44, 93, 192, 130, 3, 64, 151, 51, 95, 205, 77, 131, 212, 60, 101, 0, 239, 80, 163, 224, 47, 186, 113, 9, 156, 17, 170, 7, 187, 228, 143, 83, 199, 129, 226, 53, 140, 70, 231, 142, 91, 208, 188, 172, 26, 139, 20, 96, 27, 150, 210, 255, 125, 88, 84, 42, 98, 155, 32, 221, 123, 134, 24, 58, 112, 185, 100, 49, 92, 229, 57, 207, 76, 39, 203, 168, 12, 171, 21, 198, 149, 87, 243, 225, 128, 72, 118, 1, 222, 246, 25, 33, 181, 102, 175, 22, 190, 107, 74, 173]
  - Fitness: 48750505 [188, 172, 26, 139, 20, 96, 27, 150, 210, 255, 142, 159, 84, 219, 5, 204, 89, 137, 247, 54, 238, 29, 211, 111, 75, 126, 30, 153, 115, 11, 104, 105, 197, 55, 128, 79, 184, 129, 146, 193, 69, 144, 50, 114, 245, 232, 117, 202, 106, 73, 230, 240, 173, 31, 17, 71, 97, 94, 110, 189, 78, 180, 28, 201, 196, 145, 191, 93, 135, 35, 254, 15, 42, 98, 155, 32, 0, 123, 92, 24, 58, 112, 185, 100, 49, 134, 66, 235, 194, 154, 85, 220, 62, 109, 23, 158, 178, 45, 6, 138, 242, 241, 61, 8, 160, 19, 99, 248, 119, 14, 195, 86, 209, 147, 218, 132, 3, 161, 236, 182, 52, 166, 68, 103, 65, 116, 51, 152, 67, 169, 229, 57, 200, 76, 39, 203, 168, 12, 171, 21, 198, 149, 87, 243, 225, 251, 72, 118, 246, 222, 1, 25, 33, 181, 102, 175, 44, 82, 192, 130, 250, 64, 151, 48, 95, 205, 77, 131, 212, 60, 101, 221, 239, 80, 163, 224, 47, 186, 113, 9, 156, 174, 170, 7, 187, 228, 143, 83, 199, 56, 226, 22, 190, 107, 74, 38, 157, 148, 223, 18, 108, 216, 249, 120, 40, 207, 233, 136, 37, 4, 206, 13, 121, 213, 2, 176, 179, 63, 237, 10, 124, 234, 59, 177, 253, 46, 167, 41, 127, 81, 164, 88, 141, 215, 36, 244, 34, 183, 133, 43, 162, 217, 16, 122, 252, 214, 90, 165, 227, 53, 140, 70, 231, 125, 91, 208]
  - Fitness: 47502897 [173, 71, 97, 94, 110, 189, 78, 188, 172, 26, 139, 20, 96, 27, 150, 210, 255, 125, 159, 84, 219, 5, 204, 89, 137, 247, 54, 238, 29, 211, 111, 75, 126, 30, 153, 115, 11, 104, 4, 197, 55, 128, 180, 79, 184, 56, 146, 193, 69, 144, 50, 114, 245, 232, 218, 202, 106, 73, 230, 240, 31, 174, 196, 145, 103, 65, 116, 48, 152, 223, 169, 229, 28, 200, 76, 39, 203, 168, 12, 171, 21, 198, 149, 87, 243, 225, 251, 72, 118, 1, 222, 246, 25, 33, 181, 102, 175, 22, 190, 107, 74, 38, 157, 148, 201, 67, 142, 108, 216, 249, 220, 40, 207, 233, 136, 37, 105, 206, 13, 121, 213, 2, 176, 179, 63, 237, 10, 124, 234, 59, 177, 253, 46, 167, 41, 127, 81, 164, 88, 141, 215, 36, 244, 34, 183, 133, 43, 162, 217, 16, 122, 252, 214, 8, 165, 227, 44, 93, 192, 130, 250, 64, 151, 51, 95, 205, 77, 131, 212, 60, 101, 0, 239, 80, 163, 224, 47, 186, 113, 9, 156, 17, 170, 7, 187, 228, 143, 83, 199, 129, 226, 53, 140, 70, 231, 18, 91, 208, 191, 82, 135, 35, 254, 15, 42, 98, 155, 32, 221, 123, 92, 24, 58, 112, 185, 100, 49, 134, 66, 235, 194, 154, 85, 120, 62, 109, 23, 158, 178, 45, 6, 138, 242, 241, 61, 90, 160, 19, 99, 248, 119, 14, 195, 86, 209, 147, 117, 132, 3, 161, 236, 182, 52, 166, 68, 57]
  - Fitness: 47938763 [44, 93, 192, 130, 250, 64, 151, 51, 95, 205, 77, 131, 212, 60, 101, 0, 239, 80, 163, 224, 47, 186, 113, 9, 156, 17, 170, 7, 187, 228, 143, 83, 199, 79, 226, 173, 214, 90, 165, 227, 71, 97, 94, 110, 189, 252, 53, 140, 70, 231, 142, 91, 208, 188, 172, 26, 139, 20, 96, 27, 150, 210, 255, 125, 159, 38, 219, 5, 204, 89, 137, 247, 54, 238, 29, 211, 111, 75, 126, 30, 153, 115, 149, 87, 243, 225, 251, 72, 118, 154, 184, 246, 25, 33, 181, 102, 175, 22, 190, 107, 74, 84, 157, 148, 201, 223, 18, 108, 216, 249, 220, 40, 207, 233, 136, 37, 105, 206, 13, 221, 213, 2, 176, 179, 63, 237, 10, 124, 234, 59, 177, 253, 46, 167, 41, 127, 81, 164, 88, 141, 215, 36, 244, 34, 183, 133, 43, 162, 217, 16, 122, 78, 11, 104, 4, 197, 55, 128, 180, 129, 56, 146, 193, 69, 144, 50, 114, 28, 245, 232, 117, 202, 106, 73, 230, 240, 31, 174, 196, 145, 191, 82, 135, 35, 254, 15, 42, 98, 155, 32, 121, 123, 92, 24, 58, 112, 185, 100, 49, 134, 66, 235, 194, 1, 85, 120, 62, 109, 23, 158, 178, 45, 6, 138, 242, 241, 61, 8, 160, 19, 99, 248, 119, 14, 195, 86, 209, 147, 218, 132, 3, 161, 236, 182, 52, 166, 68, 103, 65, 116, 48, 152, 67, 169, 229, 57, 200, 76, 39, 203, 168, 12, 171, 21, 198, 222]
  - Fitness: 47996767 [214, 90, 165, 227, 44, 93, 192, 130, 250, 64, 151, 51, 61, 205, 77, 131, 212, 60, 101, 0, 239, 80, 163, 224, 47, 186, 113, 9, 156, 17, 170, 7, 187, 228, 143, 83, 199, 82, 226, 53, 140, 70, 231, 142, 91, 218, 188, 172, 26, 139, 20, 96, 27, 150, 210, 255, 125, 159, 84, 42, 98, 155, 32, 221, 123, 24, 58, 112, 92, 89, 71, 97, 94, 110, 189, 78, 219, 5, 204, 173, 137, 247, 185, 100, 49, 134, 66, 235, 194, 154, 85, 120, 62, 109, 23, 158, 178, 45, 6, 138, 242, 241, 95, 8, 160, 19, 99, 248, 119, 14, 195, 35, 209, 147, 208, 132, 3, 161, 236, 182, 162, 166, 68, 103, 65, 116, 48, 152, 67, 169, 229, 57, 200, 76, 39, 203, 168, 12, 171, 21, 198, 149, 87, 243, 225, 251, 72, 118, 1, 222, 246, 25, 54, 238, 211, 111, 75, 126, 30, 197, 144, 29, 153, 115, 11, 4, 104, 55, 128, 79, 117, 56, 146, 193, 69, 50, 114, 232, 202, 106, 73, 230, 240, 31, 174, 196, 145, 191, 129, 135, 86, 254, 15, 180, 28, 245, 184, 33, 181, 102, 175, 22, 190, 107, 74, 38, 157, 148, 201, 223, 18, 108, 216, 249, 220, 40, 207, 233, 136, 37, 105, 206, 13, 121, 16, 2, 176, 179, 63, 237, 10, 124, 234, 59, 177, 253, 46, 167, 41, 127, 81, 164, 88, 141, 215, 36, 244, 34, 183, 133, 43, 52, 217, 213, 122, 252]
  - Fitness: 48273053 [193, 69, 144, 50, 114, 245, 232, 117, 202, 106, 73, 230, 240, 31, 174, 196, 145, 191, 82, 135, 154, 254, 15, 42, 98, 155, 32, 221, 123, 92, 24, 58, 194, 185, 100, 49, 134, 66, 235, 78, 35, 85, 248, 119, 14, 195, 71, 97, 94, 110, 189, 112, 86, 209, 147, 218, 132, 3, 180, 236, 182, 52, 166, 68, 103, 65, 116, 48, 152, 67, 169, 229, 28, 200, 76, 39, 203, 168, 12, 171, 21, 198, 149, 164, 243, 225, 251, 72, 118, 1, 19, 246, 25, 33, 181, 102, 175, 64, 190, 107, 74, 38, 157, 148, 201, 223, 18, 108, 216, 249, 220, 40, 207, 233, 136, 37, 105, 206, 13, 121, 213, 2, 176, 179, 63, 237, 10, 124, 234, 59, 177, 253, 46, 167, 41, 127, 81, 87, 88, 141, 215, 36, 244, 34, 183, 133, 43, 162, 217, 16, 122, 252, 214, 90, 165, 227, 44, 93, 192, 130, 250, 22, 151, 51, 95, 205, 77, 131, 212, 60, 101, 0, 239, 80, 163, 224, 47, 186, 113, 9, 156, 17, 170, 7, 187, 228, 143, 83, 199, 129, 226, 53, 140, 70, 231, 142, 91, 208, 188, 172, 26, 139, 20, 96, 27, 150, 210, 255, 125, 159, 84, 219, 5, 204, 89, 137, 247, 54, 238, 29, 211, 111, 75, 126, 30, 153, 115, 11, 104, 4, 197, 55, 128, 161, 79, 184, 56, 146, 120, 62, 109, 23, 158, 178, 45, 6, 138, 242, 241, 61, 8, 160, 222, 99, 57, 173]
  - Fitness: 47105733 [71, 97, 94, 14, 189, 78, 183, 227, 43, 162, 217, 16, 122, 252, 214, 90, 165, 133, 53, 140, 70, 231, 142, 91, 208, 188, 172, 26, 139, 20, 96, 27, 150, 201, 255, 125, 159, 84, 219, 5, 204, 89, 180, 79, 184, 56, 146, 193, 69, 144, 50, 114, 28, 245, 232, 117, 202, 106, 73, 230, 240, 121, 31, 174, 196, 55, 191, 82, 135, 35, 254, 15, 42, 98, 155, 32, 221, 123, 92, 24, 58, 112, 185, 100, 49, 134, 66, 235, 194, 154, 85, 120, 62, 109, 23, 158, 178, 45, 6, 138, 242, 241, 61, 8, 160, 19, 99, 248, 119, 110, 195, 86, 209, 147, 218, 132, 3, 161, 236, 182, 52, 166, 68, 103, 65, 116, 48, 152, 67, 169, 229, 57, 200, 76, 39, 203, 168, 12, 171, 21, 74, 149, 87, 243, 225, 251, 72, 118, 1, 222, 246, 25, 33, 181, 102, 175, 44, 93, 192, 130, 250, 64, 151, 51, 95, 205, 77, 131, 212, 60, 101, 0, 239, 80, 163, 224, 47, 186, 113, 9, 156, 17, 170, 7, 187, 228, 143, 83, 199, 129, 226, 22, 190, 107, 198, 38, 157, 148, 210, 223, 18, 108, 197, 249, 220, 40, 207, 233, 136, 37, 105, 206, 13, 173, 213, 2, 176, 179, 63, 237, 10, 124, 234, 59, 177, 253, 46, 167, 41, 127, 81, 164, 88, 141, 215, 36, 244, 34, 137, 247, 54, 238, 29, 211, 111, 75, 126, 30, 153, 115, 11, 104, 4, 216, 145, 128]


- Fittest individuals:
  - Fitness: 46462841 [53, 140, 70, 231, 142, 91, 208, 188, 172, 26, 139, 20, 96, 27, 150, 210, 255, 125, 159, 84, 219, 5, 204, 89, 137, 247, 54, 238, 29, 211, 111, 75, 126, 30, 153, 115, 11, 104, 4, 197, 55, 128, 180, 79, 184, 56, 146, 193, 69, 144, 50, 114, 28, 245, 232, 117, 202, 106, 73, 230, 240, 121, 31, 174, 196, 145, 191, 82, 135, 35, 254, 15, 42, 98, 155, 32, 221, 123, 92, 24, 58, 112, 185, 100, 49, 134, 66, 235, 194, 154, 85, 120, 62, 109, 23, 158, 178, 45, 6, 138, 242, 241, 61, 8, 160, 19, 99, 248, 119, 14, 195, 86, 209, 147, 218, 132, 3, 161, 236, 182, 52, 166, 68, 103, 65, 116, 48, 152, 67, 169, 229, 57, 200, 76, 39, 203, 168, 12, 171, 21, 198, 149, 87, 243, 225, 251, 72, 118, 1, 222, 246, 25, 33, 181, 102, 175, 44, 93, 192, 130, 250, 64, 151, 51, 95, 205, 77, 131, 212, 60, 101, 0, 239, 80, 163, 224, 47, 186, 113, 9, 156, 17, 170, 7, 187, 228, 143, 83, 199, 129, 226, 22, 190, 107, 74, 38, 157, 148, 201, 223, 18, 108, 216, 249, 220, 40, 207, 233, 136, 37, 105, 206, 13, 173, 213, 2, 176, 179, 63, 237, 10, 124, 234, 59, 177, 253, 46, 167, 41, 127, 81, 164, 88, 141, 215, 36, 244, 34, 183, 133, 43, 162, 217, 16, 122, 252, 214, 90, 165, 227, 71, 97, 94, 110, 189, 78]
  - Fitness: 46569815 [145, 191, 82, 135, 35, 254, 15, 42, 98, 155, 32, 221, 123, 92, 24, 58, 112, 185, 100, 49, 134, 66, 235, 194, 154, 85, 120, 62, 109, 23, 158, 178, 45, 6, 138, 242, 241, 61, 8, 160, 19, 99, 248, 119, 14, 195, 71, 97, 94, 110, 189, 78, 86, 209, 147, 218, 132, 3, 180, 236, 182, 52, 166, 68, 103, 65, 116, 48, 152, 67, 169, 229, 28, 200, 76, 39, 203, 168, 12, 171, 21, 198, 149, 87, 243, 225, 251, 72, 118, 1, 222, 246, 25, 33, 181, 102, 175, 22, 190, 107, 74, 38, 157, 148, 201, 223, 18, 108, 216, 249, 220, 40, 207, 233, 136, 37, 105, 206, 13, 121, 213, 2, 176, 179, 63, 237, 10, 124, 234, 59, 177, 253, 46, 167, 41, 127, 81, 164, 88, 141, 215, 36, 244, 34, 183, 133, 43, 162, 217, 16, 122, 252, 214, 90, 165, 227, 44, 93, 192, 130, 250, 64, 151, 51, 95, 205, 77, 131, 212, 60, 101, 0, 239, 80, 163, 224, 47, 186, 113, 9, 156, 17, 170, 7, 187, 228, 143, 83, 199, 129, 226, 53, 140, 70, 231, 142, 91, 208, 188, 172, 26, 139, 20, 96, 27, 150, 210, 255, 125, 159, 84, 219, 5, 204, 89, 137, 247, 54, 238, 29, 211, 111, 75, 126, 30, 153, 115, 11, 104, 4, 197, 55, 128, 161, 79, 184, 56, 146, 193, 69, 144, 50, 114, 57, 245, 232, 117, 202, 106, 73, 230, 240, 173, 31, 174, 196]

- Generation: 926
- Best solution: Fitness: 46462841 [53, 140, 70, 231, 142, 91, 208, 188, 172, 26, 139, 20, 96, 27, 150, 210, 255, 125, 159, 84, 219, 5, 204, 89, 137, 247, 54, 238, 29, 211, 111, 75, 126, 30, 153, 115, 11, 104, 4, 197, 55, 128, 180, 79, 184, 56, 146, 193, 69, 144, 50, 114, 28, 245, 232, 117, 202, 106, 73, 230, 240, 121, 31, 174, 196, 145, 191, 82, 135, 35, 254, 15, 42, 98, 155, 32, 221, 123, 92, 24, 58, 112, 185, 100, 49, 134, 66, 235, 194, 154, 85, 120, 62, 109, 23, 158, 178, 45, 6, 138, 242, 241, 61, 8, 160, 19, 99, 248, 119, 14, 195, 86, 209, 147, 218, 132, 3, 161, 236, 182, 52, 166, 68, 103, 65, 116, 48, 152, 67, 169, 229, 57, 200, 76, 39, 203, 168, 12, 171, 21, 198, 149, 87, 243, 225, 251, 72, 118, 1, 222, 246, 25, 33, 181, 102, 175, 44, 93, 192, 130, 250, 64, 151, 51, 95, 205, 77, 131, 212, 60, 101, 0, 239, 80, 163, 224, 47, 186, 113, 9, 156, 17, 170, 7, 187, 228, 143, 83, 199, 129, 226, 22, 190, 107, 74, 38, 157, 148, 201, 223, 18, 108, 216, 249, 220, 40, 207, 233, 136, 37, 105, 206, 13, 173, 213, 2, 176, 179, 63, 237, 10, 124, 234, 59, 177, 253, 46, 167, 41, 127, 81, 164, 88, 141, 215, 36, 244, 34, 183, 133, 43, 162, 217, 16, 122, 252, 214, 90, 165, 227, 71, 97, 94, 110, 189, 78]
- Time: 1140 ms
- Mean time per generation: 1.2311015118790496ms
- Difference from optimal solution: 3.806018477413875%
